x = 

         m: [4x4 double]
    Strong: 6
      Weak: 5

>> x.m

ans =

    0.0600    0.0300         0         0
   -0.0350         0         0         0
         0         0         0         0
         0         0         0         0

